image: map4.pgm
resolution: 0.050000
origin: [-1.017095, -5.094671, 0.000000]
negate: 0
occupied_thresh: 0.65
free_thresh: 0.196

