image: ./map1.pgm
resolution: 0.050000
origin: [-8.411479, -4.411242, 0.000000]
negate: 0
occupied_thresh: 0.65
free_thresh: 0.196

